PAIS:
====================
Vertice(22, 39) 1510.2002412862148
Vertice(58, 45) 1510.2002412862148
Vertice(35, 97) 1510.2002412862148
Vertice(96, 81) 1510.2002412862148
Vertice(19, 47) 1510.2002412862148
Vertice(55, 32) 1510.2002412862148
Vertice(25, 48) 1510.2002412862148
Vertice(98, 40) 1510.2002412862148
Vertice(18, 15) 1510.2002412862148
Vertice(78, 15) 1510.2002412862148
====================
Vertice(73, 74) 1577.5393880236793
Vertice(51, 43) 1577.5393880236793
Vertice(38, 44) 1577.5393880236793
Vertice(75, 70) 1577.5393880236793
Vertice(85, 23) 1577.5393880236793
Vertice(67, 89) 1577.5393880236793
Vertice(93, 19) 1577.5393880236793
Vertice(41, 45) 1577.5393880236793
Vertice(18, 65) 1577.5393880236793
Vertice(28, 92) 1577.5393880236793
FILHOS:
====================
Vertice(73, 74) 1240.1437925393877
Vertice(51, 43) 1240.1437925393877
Vertice(35, 97) 1240.1437925393877
Vertice(96, 81) 1240.1437925393877
Vertice(19, 47) 1240.1437925393877
Vertice(55, 32) 1240.1437925393877
Vertice(25, 48) 1240.1437925393877
Vertice(98, 40) 1240.1437925393877
Vertice(18, 15) 1240.1437925393877
Vertice(78, 15) 1240.1437925393877
====================
Vertice(22, 39) 1446.1723065230572
Vertice(58, 45) 1446.1723065230572
Vertice(38, 44) 1446.1723065230572
Vertice(75, 70) 1446.1723065230572
Vertice(85, 23) 1446.1723065230572
Vertice(67, 89) 1446.1723065230572
Vertice(93, 19) 1446.1723065230572
Vertice(41, 45) 1446.1723065230572
Vertice(18, 65) 1446.1723065230572
Vertice(28, 92) 1446.1723065230572
PAIS:
====================
Vertice(95, 5) 1524.806806013661
Vertice(89, 70) 1524.806806013661
Vertice(77, 29) 1524.806806013661
Vertice(29, 9) 1524.806806013661
Vertice(60, 45) 1524.806806013661
Vertice(1, 81) 1524.806806013661
Vertice(6, 47) 1524.806806013661
Vertice(88, 19) 1524.806806013661
Vertice(54, 59) 1524.806806013661
Vertice(50, 66) 1524.806806013661
====================
Vertice(72, 6) 1654.8857559326493
Vertice(68, 36) 1654.8857559326493
Vertice(54, 18) 1654.8857559326493
Vertice(18, 65) 1654.8857559326493
Vertice(54, 59) 1654.8857559326493
Vertice(80, 76) 1654.8857559326493
Vertice(51, 43) 1654.8857559326493
Vertice(1, 81) 1654.8857559326493
Vertice(88, 19) 1654.8857559326493
Vertice(94, 14) 1654.8857559326493
FILHOS:
====================
Vertice(95, 5) 1523.363236337771
Vertice(89, 70) 1523.363236337771
Vertice(77, 29) 1523.363236337771
Vertice(29, 9) 1523.363236337771
Vertice(60, 45) 1523.363236337771
Vertice(1, 81) 1523.363236337771
Vertice(6, 47) 1523.363236337771
Vertice(88, 19) 1523.363236337771
Vertice(54, 59) 1523.363236337771
Vertice(50, 66) 1523.363236337771
====================
Vertice(72, 6) 1681.3615114969114
Vertice(68, 36) 1681.3615114969114
Vertice(54, 18) 1681.3615114969114
Vertice(18, 65) 1681.3615114969114
Vertice(54, 59) 1681.3615114969114
Vertice(80, 76) 1681.3615114969114
Vertice(51, 43) 1681.3615114969114
Vertice(1, 81) 1681.3615114969114
Vertice(88, 19) 1681.3615114969114
Vertice(94, 14) 1681.3615114969114
PAIS:
====================
Vertice(58, 45) 1654.922627039779
Vertice(75, 70) 1654.922627039779
Vertice(27, 64) 1654.922627039779
Vertice(88, 53) 1654.922627039779
Vertice(51, 17) 1654.922627039779
Vertice(18, 15) 1654.922627039779
Vertice(97, 33) 1654.922627039779
Vertice(10, 95) 1654.922627039779
Vertice(67, 12) 1654.922627039779
Vertice(54, 18) 1654.922627039779
====================
Vertice(72, 6) 1654.8857559326493
Vertice(68, 36) 1654.8857559326493
Vertice(54, 18) 1654.8857559326493
Vertice(18, 65) 1654.8857559326493
Vertice(54, 59) 1654.8857559326493
Vertice(80, 76) 1654.8857559326493
Vertice(51, 43) 1654.8857559326493
Vertice(1, 81) 1654.8857559326493
Vertice(88, 19) 1654.8857559326493
Vertice(94, 14) 1654.8857559326493
FILHOS:
====================
Vertice(72, 6) 2050.307506085031
Vertice(68, 36) 2050.307506085031
Vertice(18, 65) 2050.307506085031
Vertice(54, 59) 2050.307506085031
Vertice(51, 17) 2050.307506085031
Vertice(18, 15) 2050.307506085031
Vertice(97, 33) 2050.307506085031
Vertice(10, 95) 2050.307506085031
Vertice(67, 12) 2050.307506085031
Vertice(54, 18) 2050.307506085031
====================
Vertice(58, 45) 1588.5788544947854
Vertice(75, 70) 1588.5788544947854
Vertice(54, 18) 1588.5788544947854
Vertice(27, 64) 1588.5788544947854
Vertice(88, 53) 1588.5788544947854
Vertice(80, 76) 1588.5788544947854
Vertice(51, 43) 1588.5788544947854
Vertice(1, 81) 1588.5788544947854
Vertice(88, 19) 1588.5788544947854
Vertice(94, 14) 1588.5788544947854
PAIS:
====================
Vertice(72, 6) 1654.8857559326493
Vertice(68, 36) 1654.8857559326493
Vertice(54, 18) 1654.8857559326493
Vertice(18, 65) 1654.8857559326493
Vertice(54, 59) 1654.8857559326493
Vertice(80, 76) 1654.8857559326493
Vertice(51, 43) 1654.8857559326493
Vertice(1, 81) 1654.8857559326493
Vertice(88, 19) 1654.8857559326493
Vertice(94, 14) 1654.8857559326493
====================
Vertice(95, 5) 1524.806806013661
Vertice(89, 70) 1524.806806013661
Vertice(77, 29) 1524.806806013661
Vertice(29, 9) 1524.806806013661
Vertice(60, 45) 1524.806806013661
Vertice(1, 81) 1524.806806013661
Vertice(6, 47) 1524.806806013661
Vertice(88, 19) 1524.806806013661
Vertice(54, 59) 1524.806806013661
Vertice(50, 66) 1524.806806013661
FILHOS:
====================
Vertice(95, 5) 1762.670435836034
Vertice(68, 36) 1762.670435836034
Vertice(54, 18) 1762.670435836034
Vertice(18, 65) 1762.670435836034
Vertice(54, 59) 1762.670435836034
Vertice(80, 76) 1762.670435836034
Vertice(51, 43) 1762.670435836034
Vertice(1, 81) 1762.670435836034
Vertice(88, 19) 1762.670435836034
Vertice(94, 14) 1762.670435836034
====================
Vertice(72, 6) 1494.7313111937635
Vertice(89, 70) 1494.7313111937635
Vertice(77, 29) 1494.7313111937635
Vertice(29, 9) 1494.7313111937635
Vertice(60, 45) 1494.7313111937635
Vertice(1, 81) 1494.7313111937635
Vertice(6, 47) 1494.7313111937635
Vertice(88, 19) 1494.7313111937635
Vertice(54, 59) 1494.7313111937635
Vertice(50, 66) 1494.7313111937635
PAIS:
====================
Vertice(54, 59) 1548.0199746374096
Vertice(68, 67) 1548.0199746374096
Vertice(73, 74) 1548.0199746374096
Vertice(69, 13) 1548.0199746374096
Vertice(45, 4) 1548.0199746374096
Vertice(62, 17) 1548.0199746374096
Vertice(19, 47) 1548.0199746374096
Vertice(28, 55) 1548.0199746374096
Vertice(99, 13) 1548.0199746374096
Vertice(64, 44) 1548.0199746374096
====================
Vertice(95, 5) 1523.363236337771
Vertice(89, 70) 1523.363236337771
Vertice(77, 29) 1523.363236337771
Vertice(29, 9) 1523.363236337771
Vertice(60, 45) 1523.363236337771
Vertice(1, 81) 1523.363236337771
Vertice(6, 47) 1523.363236337771
Vertice(88, 19) 1523.363236337771
Vertice(54, 59) 1523.363236337771
Vertice(50, 66) 1523.363236337771
FILHOS:
====================
Vertice(54, 59) 1611.4023262034748
Vertice(95, 5) 1611.4023262034748
Vertice(89, 70) 1611.4023262034748
Vertice(77, 29) 1611.4023262034748
Vertice(29, 9) 1611.4023262034748
Vertice(62, 17) 1611.4023262034748
Vertice(19, 47) 1611.4023262034748
Vertice(28, 55) 1611.4023262034748
Vertice(99, 13) 1611.4023262034748
Vertice(64, 44) 1611.4023262034748
====================
Vertice(68, 67) 1565.583419939699
Vertice(73, 74) 1565.583419939699
Vertice(69, 13) 1565.583419939699
Vertice(45, 4) 1565.583419939699
Vertice(60, 45) 1565.583419939699
Vertice(1, 81) 1565.583419939699
Vertice(6, 47) 1565.583419939699
Vertice(88, 19) 1565.583419939699
Vertice(54, 59) 1565.583419939699
Vertice(50, 66) 1565.583419939699
PAIS:
====================
Vertice(95, 5) 1524.806806013661
Vertice(89, 70) 1524.806806013661
Vertice(77, 29) 1524.806806013661
Vertice(29, 9) 1524.806806013661
Vertice(60, 45) 1524.806806013661
Vertice(1, 81) 1524.806806013661
Vertice(6, 47) 1524.806806013661
Vertice(88, 19) 1524.806806013661
Vertice(54, 59) 1524.806806013661
Vertice(50, 66) 1524.806806013661
====================
Vertice(22, 39) 1446.1723065230572
Vertice(58, 45) 1446.1723065230572
Vertice(38, 44) 1446.1723065230572
Vertice(75, 70) 1446.1723065230572
Vertice(85, 23) 1446.1723065230572
Vertice(67, 89) 1446.1723065230572
Vertice(93, 19) 1446.1723065230572
Vertice(41, 45) 1446.1723065230572
Vertice(18, 65) 1446.1723065230572
Vertice(28, 92) 1446.1723065230572
FILHOS:
====================
Vertice(22, 39) 1517.1043194293
Vertice(58, 45) 1517.1043194293
Vertice(38, 44) 1517.1043194293
Vertice(75, 70) 1517.1043194293
Vertice(85, 23) 1517.1043194293
Vertice(67, 89) 1517.1043194293
Vertice(93, 19) 1517.1043194293
Vertice(41, 45) 1517.1043194293
Vertice(18, 65) 1517.1043194293
Vertice(50, 66) 1517.1043194293
====================
Vertice(95, 5) 1507.8477501516609
Vertice(89, 70) 1507.8477501516609
Vertice(77, 29) 1507.8477501516609
Vertice(29, 9) 1507.8477501516609
Vertice(60, 45) 1507.8477501516609
Vertice(1, 81) 1507.8477501516609
Vertice(6, 47) 1507.8477501516609
Vertice(88, 19) 1507.8477501516609
Vertice(54, 59) 1507.8477501516609
Vertice(28, 92) 1507.8477501516609
PAIS:
====================
Vertice(58, 45) 1588.5788544947854
Vertice(75, 70) 1588.5788544947854
Vertice(54, 18) 1588.5788544947854
Vertice(27, 64) 1588.5788544947854
Vertice(88, 53) 1588.5788544947854
Vertice(80, 76) 1588.5788544947854
Vertice(51, 43) 1588.5788544947854
Vertice(1, 81) 1588.5788544947854
Vertice(88, 19) 1588.5788544947854
Vertice(94, 14) 1588.5788544947854
====================
Vertice(73, 74) 1240.1437925393877
Vertice(51, 43) 1240.1437925393877
Vertice(35, 97) 1240.1437925393877
Vertice(96, 81) 1240.1437925393877
Vertice(19, 47) 1240.1437925393877
Vertice(55, 32) 1240.1437925393877
Vertice(25, 48) 1240.1437925393877
Vertice(98, 40) 1240.1437925393877
Vertice(18, 15) 1240.1437925393877
Vertice(78, 15) 1240.1437925393877
FILHOS:
====================
Vertice(73, 74) 1715.4548379389319
Vertice(35, 97) 1715.4548379389319
Vertice(96, 81) 1715.4548379389319
Vertice(19, 47) 1715.4548379389319
Vertice(55, 32) 1715.4548379389319
Vertice(80, 76) 1715.4548379389319
Vertice(51, 43) 1715.4548379389319
Vertice(1, 81) 1715.4548379389319
Vertice(88, 19) 1715.4548379389319
Vertice(94, 14) 1715.4548379389319
====================
Vertice(58, 45) 1508.6577807103552
Vertice(51, 43) 1508.6577807103552
Vertice(75, 70) 1508.6577807103552
Vertice(54, 18) 1508.6577807103552
Vertice(27, 64) 1508.6577807103552
Vertice(88, 53) 1508.6577807103552
Vertice(25, 48) 1508.6577807103552
Vertice(98, 40) 1508.6577807103552
Vertice(18, 15) 1508.6577807103552
Vertice(78, 15) 1508.6577807103552
PAIS:
====================
Vertice(54, 59) 1548.0199746374096
Vertice(68, 67) 1548.0199746374096
Vertice(73, 74) 1548.0199746374096
Vertice(69, 13) 1548.0199746374096
Vertice(45, 4) 1548.0199746374096
Vertice(62, 17) 1548.0199746374096
Vertice(19, 47) 1548.0199746374096
Vertice(28, 55) 1548.0199746374096
Vertice(99, 13) 1548.0199746374096
Vertice(64, 44) 1548.0199746374096
====================
Vertice(22, 39) 1517.1043194293
Vertice(58, 45) 1517.1043194293
Vertice(38, 44) 1517.1043194293
Vertice(75, 70) 1517.1043194293
Vertice(85, 23) 1517.1043194293
Vertice(67, 89) 1517.1043194293
Vertice(93, 19) 1517.1043194293
Vertice(41, 45) 1517.1043194293
Vertice(18, 65) 1517.1043194293
Vertice(50, 66) 1517.1043194293
FILHOS:
====================
Vertice(22, 39) 1704.9756335934921
Vertice(58, 45) 1704.9756335934921
Vertice(38, 44) 1704.9756335934921
Vertice(75, 70) 1704.9756335934921
Vertice(85, 23) 1704.9756335934921
Vertice(67, 89) 1704.9756335934921
Vertice(93, 19) 1704.9756335934921
Vertice(28, 55) 1704.9756335934921
Vertice(99, 13) 1704.9756335934921
Vertice(64, 44) 1704.9756335934921
====================
Vertice(54, 59) 1785.4766492980457
Vertice(68, 67) 1785.4766492980457
Vertice(73, 74) 1785.4766492980457
Vertice(69, 13) 1785.4766492980457
Vertice(45, 4) 1785.4766492980457
Vertice(62, 17) 1785.4766492980457
Vertice(19, 47) 1785.4766492980457
Vertice(41, 45) 1785.4766492980457
Vertice(18, 65) 1785.4766492980457
Vertice(50, 66) 1785.4766492980457
PAIS:
====================
Vertice(58, 45) 1508.6577807103552
Vertice(51, 43) 1508.6577807103552
Vertice(75, 70) 1508.6577807103552
Vertice(54, 18) 1508.6577807103552
Vertice(27, 64) 1508.6577807103552
Vertice(88, 53) 1508.6577807103552
Vertice(25, 48) 1508.6577807103552
Vertice(98, 40) 1508.6577807103552
Vertice(18, 15) 1508.6577807103552
Vertice(78, 15) 1508.6577807103552
====================
Vertice(95, 5) 1507.8477501516609
Vertice(89, 70) 1507.8477501516609
Vertice(77, 29) 1507.8477501516609
Vertice(29, 9) 1507.8477501516609
Vertice(60, 45) 1507.8477501516609
Vertice(1, 81) 1507.8477501516609
Vertice(6, 47) 1507.8477501516609
Vertice(88, 19) 1507.8477501516609
Vertice(54, 59) 1507.8477501516609
Vertice(28, 92) 1507.8477501516609
FILHOS:
====================
Vertice(95, 5) 1775.8107965000795
Vertice(89, 70) 1775.8107965000795
Vertice(77, 29) 1775.8107965000795
Vertice(29, 9) 1775.8107965000795
Vertice(60, 45) 1775.8107965000795
Vertice(1, 81) 1775.8107965000795
Vertice(6, 47) 1775.8107965000795
Vertice(98, 40) 1775.8107965000795
Vertice(18, 15) 1775.8107965000795
Vertice(78, 15) 1775.8107965000795
====================
Vertice(58, 45) 1582.2854560471515
Vertice(51, 43) 1582.2854560471515
Vertice(75, 70) 1582.2854560471515
Vertice(54, 18) 1582.2854560471515
Vertice(27, 64) 1582.2854560471515
Vertice(88, 53) 1582.2854560471515
Vertice(25, 48) 1582.2854560471515
Vertice(88, 19) 1582.2854560471515
Vertice(54, 59) 1582.2854560471515
Vertice(28, 92) 1582.2854560471515
PAIS:
====================
Vertice(72, 6) 1494.7313111937635
Vertice(89, 70) 1494.7313111937635
Vertice(77, 29) 1494.7313111937635
Vertice(29, 9) 1494.7313111937635
Vertice(60, 45) 1494.7313111937635
Vertice(1, 81) 1494.7313111937635
Vertice(6, 47) 1494.7313111937635
Vertice(88, 19) 1494.7313111937635
Vertice(54, 59) 1494.7313111937635
Vertice(50, 66) 1494.7313111937635
====================
Vertice(22, 39) 1446.1723065230572
Vertice(58, 45) 1446.1723065230572
Vertice(38, 44) 1446.1723065230572
Vertice(75, 70) 1446.1723065230572
Vertice(85, 23) 1446.1723065230572
Vertice(67, 89) 1446.1723065230572
Vertice(93, 19) 1446.1723065230572
Vertice(41, 45) 1446.1723065230572
Vertice(18, 65) 1446.1723065230572
Vertice(28, 92) 1446.1723065230572
FILHOS:
====================
Vertice(22, 39) 1591.0773476506124
Vertice(58, 45) 1591.0773476506124
Vertice(38, 44) 1591.0773476506124
Vertice(75, 70) 1591.0773476506124
Vertice(85, 23) 1591.0773476506124
Vertice(67, 89) 1591.0773476506124
Vertice(6, 47) 1591.0773476506124
Vertice(88, 19) 1591.0773476506124
Vertice(54, 59) 1591.0773476506124
Vertice(50, 66) 1591.0773476506124
====================
Vertice(72, 6) 1448.287808111373
Vertice(89, 70) 1448.287808111373
Vertice(77, 29) 1448.287808111373
Vertice(29, 9) 1448.287808111373
Vertice(60, 45) 1448.287808111373
Vertice(1, 81) 1448.287808111373
Vertice(93, 19) 1448.287808111373
Vertice(41, 45) 1448.287808111373
Vertice(18, 65) 1448.287808111373
Vertice(28, 92) 1448.287808111373
PAIS:
====================
Vertice(72, 6) 1494.7313111937635
Vertice(89, 70) 1494.7313111937635
Vertice(77, 29) 1494.7313111937635
Vertice(29, 9) 1494.7313111937635
Vertice(60, 45) 1494.7313111937635
Vertice(1, 81) 1494.7313111937635
Vertice(6, 47) 1494.7313111937635
Vertice(88, 19) 1494.7313111937635
Vertice(54, 59) 1494.7313111937635
Vertice(50, 66) 1494.7313111937635
====================
Vertice(95, 5) 1523.363236337771
Vertice(89, 70) 1523.363236337771
Vertice(77, 29) 1523.363236337771
Vertice(29, 9) 1523.363236337771
Vertice(60, 45) 1523.363236337771
Vertice(1, 81) 1523.363236337771
Vertice(6, 47) 1523.363236337771
Vertice(88, 19) 1523.363236337771
Vertice(54, 59) 1523.363236337771
Vertice(50, 66) 1523.363236337771
FILHOS:
====================
Vertice(72, 6) 1494.7313111937635
Vertice(89, 70) 1494.7313111937635
Vertice(77, 29) 1494.7313111937635
Vertice(29, 9) 1494.7313111937635
Vertice(60, 45) 1494.7313111937635
Vertice(1, 81) 1494.7313111937635
Vertice(6, 47) 1494.7313111937635
Vertice(88, 19) 1494.7313111937635
Vertice(54, 59) 1494.7313111937635
Vertice(50, 66) 1494.7313111937635
====================
Vertice(95, 5) 1523.363236337771
Vertice(89, 70) 1523.363236337771
Vertice(77, 29) 1523.363236337771
Vertice(29, 9) 1523.363236337771
Vertice(60, 45) 1523.363236337771
Vertice(1, 81) 1523.363236337771
Vertice(6, 47) 1523.363236337771
Vertice(88, 19) 1523.363236337771
Vertice(54, 59) 1523.363236337771
Vertice(50, 66) 1523.363236337771
PAIS:
====================
Vertice(72, 6) 1448.287808111373
Vertice(89, 70) 1448.287808111373
Vertice(77, 29) 1448.287808111373
Vertice(29, 9) 1448.287808111373
Vertice(60, 45) 1448.287808111373
Vertice(1, 81) 1448.287808111373
Vertice(93, 19) 1448.287808111373
Vertice(41, 45) 1448.287808111373
Vertice(18, 65) 1448.287808111373
Vertice(28, 92) 1448.287808111373
====================
Vertice(72, 6) 1494.7313111937635
Vertice(89, 70) 1494.7313111937635
Vertice(77, 29) 1494.7313111937635
Vertice(29, 9) 1494.7313111937635
Vertice(60, 45) 1494.7313111937635
Vertice(1, 81) 1494.7313111937635
Vertice(6, 47) 1494.7313111937635
Vertice(88, 19) 1494.7313111937635
Vertice(54, 59) 1494.7313111937635
Vertice(50, 66) 1494.7313111937635
FILHOS:
====================
Vertice(72, 6) 1624.3331727678742
Vertice(89, 70) 1624.3331727678742
Vertice(77, 29) 1624.3331727678742
Vertice(29, 9) 1624.3331727678742
Vertice(60, 45) 1624.3331727678742
Vertice(1, 81) 1624.3331727678742
Vertice(6, 47) 1624.3331727678742
Vertice(41, 45) 1624.3331727678742
Vertice(18, 65) 1624.3331727678742
Vertice(28, 92) 1624.3331727678742
====================
Vertice(72, 6) 1730.1587041748498
Vertice(89, 70) 1730.1587041748498
Vertice(77, 29) 1730.1587041748498
Vertice(29, 9) 1730.1587041748498
Vertice(60, 45) 1730.1587041748498
Vertice(1, 81) 1730.1587041748498
Vertice(93, 19) 1730.1587041748498
Vertice(88, 19) 1730.1587041748498
Vertice(54, 59) 1730.1587041748498
Vertice(50, 66) 1730.1587041748498
PAIS:
====================
Vertice(95, 5) 1507.8477501516609
Vertice(89, 70) 1507.8477501516609
Vertice(77, 29) 1507.8477501516609
Vertice(29, 9) 1507.8477501516609
Vertice(60, 45) 1507.8477501516609
Vertice(1, 81) 1507.8477501516609
Vertice(6, 47) 1507.8477501516609
Vertice(88, 19) 1507.8477501516609
Vertice(54, 59) 1507.8477501516609
Vertice(28, 92) 1507.8477501516609
====================
Vertice(38, 55) 1265.2876799341418
Vertice(68, 36) 1265.2876799341418
Vertice(86, 33) 1265.2876799341418
Vertice(86, 91) 1265.2876799341418
Vertice(22, 40) 1265.2876799341418
Vertice(72, 6) 1265.2876799341418
Vertice(17, 14) 1265.2876799341418
Vertice(11, 62) 1265.2876799341418
Vertice(89, 28) 1265.2876799341418
Vertice(81, 73) 1265.2876799341418
FILHOS:
====================
Vertice(38, 55) 1353.6130961216754
Vertice(68, 36) 1353.6130961216754
Vertice(86, 33) 1353.6130961216754
Vertice(86, 91) 1353.6130961216754
Vertice(22, 40) 1353.6130961216754
Vertice(72, 6) 1353.6130961216754
Vertice(17, 14) 1353.6130961216754
Vertice(88, 19) 1353.6130961216754
Vertice(54, 59) 1353.6130961216754
Vertice(28, 92) 1353.6130961216754
====================
Vertice(95, 5) 1470.7253084239605
Vertice(89, 70) 1470.7253084239605
Vertice(77, 29) 1470.7253084239605
Vertice(29, 9) 1470.7253084239605
Vertice(60, 45) 1470.7253084239605
Vertice(1, 81) 1470.7253084239605
Vertice(6, 47) 1470.7253084239605
Vertice(11, 62) 1470.7253084239605
Vertice(89, 28) 1470.7253084239605
Vertice(81, 73) 1470.7253084239605
PAIS:
====================
Vertice(95, 5) 1524.806806013661
Vertice(89, 70) 1524.806806013661
Vertice(77, 29) 1524.806806013661
Vertice(29, 9) 1524.806806013661
Vertice(60, 45) 1524.806806013661
Vertice(1, 81) 1524.806806013661
Vertice(6, 47) 1524.806806013661
Vertice(88, 19) 1524.806806013661
Vertice(54, 59) 1524.806806013661
Vertice(50, 66) 1524.806806013661
====================
Vertice(73, 74) 1240.1437925393877
Vertice(51, 43) 1240.1437925393877
Vertice(35, 97) 1240.1437925393877
Vertice(96, 81) 1240.1437925393877
Vertice(19, 47) 1240.1437925393877
Vertice(55, 32) 1240.1437925393877
Vertice(25, 48) 1240.1437925393877
Vertice(98, 40) 1240.1437925393877
Vertice(18, 15) 1240.1437925393877
Vertice(78, 15) 1240.1437925393877
FILHOS:
====================
Vertice(73, 74) 1417.4824125837786
Vertice(89, 70) 1417.4824125837786
Vertice(77, 29) 1417.4824125837786
Vertice(29, 9) 1417.4824125837786
Vertice(60, 45) 1417.4824125837786
Vertice(1, 81) 1417.4824125837786
Vertice(6, 47) 1417.4824125837786
Vertice(88, 19) 1417.4824125837786
Vertice(54, 59) 1417.4824125837786
Vertice(50, 66) 1417.4824125837786
====================
Vertice(95, 5) 1499.4654449136997
Vertice(51, 43) 1499.4654449136997
Vertice(35, 97) 1499.4654449136997
Vertice(96, 81) 1499.4654449136997
Vertice(19, 47) 1499.4654449136997
Vertice(55, 32) 1499.4654449136997
Vertice(25, 48) 1499.4654449136997
Vertice(98, 40) 1499.4654449136997
Vertice(18, 15) 1499.4654449136997
Vertice(78, 15) 1499.4654449136997
PAIS:
====================
Vertice(58, 45) 1508.6577807103552
Vertice(51, 43) 1508.6577807103552
Vertice(75, 70) 1508.6577807103552
Vertice(54, 18) 1508.6577807103552
Vertice(27, 64) 1508.6577807103552
Vertice(88, 53) 1508.6577807103552
Vertice(25, 48) 1508.6577807103552
Vertice(98, 40) 1508.6577807103552
Vertice(18, 15) 1508.6577807103552
Vertice(78, 15) 1508.6577807103552
====================
Vertice(72, 6) 1494.7313111937635
Vertice(89, 70) 1494.7313111937635
Vertice(77, 29) 1494.7313111937635
Vertice(29, 9) 1494.7313111937635
Vertice(60, 45) 1494.7313111937635
Vertice(1, 81) 1494.7313111937635
Vertice(6, 47) 1494.7313111937635
Vertice(88, 19) 1494.7313111937635
Vertice(54, 59) 1494.7313111937635
Vertice(50, 66) 1494.7313111937635
FILHOS:
====================
Vertice(72, 6) 1877.4591864892684
Vertice(89, 70) 1877.4591864892684
Vertice(77, 29) 1877.4591864892684
Vertice(29, 9) 1877.4591864892684
Vertice(60, 45) 1877.4591864892684
Vertice(1, 81) 1877.4591864892684
Vertice(6, 47) 1877.4591864892684
Vertice(88, 19) 1877.4591864892684
Vertice(18, 15) 1877.4591864892684
Vertice(78, 15) 1877.4591864892684
====================
Vertice(58, 45) 1955.8736089615122
Vertice(51, 43) 1955.8736089615122
Vertice(75, 70) 1955.8736089615122
Vertice(54, 18) 1955.8736089615122
Vertice(27, 64) 1955.8736089615122
Vertice(88, 53) 1955.8736089615122
Vertice(25, 48) 1955.8736089615122
Vertice(98, 40) 1955.8736089615122
Vertice(54, 59) 1955.8736089615122
Vertice(50, 66) 1955.8736089615122
PAIS:
====================
Vertice(73, 74) 1417.4824125837786
Vertice(89, 70) 1417.4824125837786
Vertice(77, 29) 1417.4824125837786
Vertice(29, 9) 1417.4824125837786
Vertice(60, 45) 1417.4824125837786
Vertice(1, 81) 1417.4824125837786
Vertice(6, 47) 1417.4824125837786
Vertice(88, 19) 1417.4824125837786
Vertice(54, 59) 1417.4824125837786
Vertice(50, 66) 1417.4824125837786
====================
Vertice(72, 6) 1494.7313111937635
Vertice(89, 70) 1494.7313111937635
Vertice(77, 29) 1494.7313111937635
Vertice(29, 9) 1494.7313111937635
Vertice(60, 45) 1494.7313111937635
Vertice(1, 81) 1494.7313111937635
Vertice(6, 47) 1494.7313111937635
Vertice(88, 19) 1494.7313111937635
Vertice(54, 59) 1494.7313111937635
Vertice(50, 66) 1494.7313111937635
FILHOS:
====================
Vertice(73, 74) 1417.4824125837786
Vertice(89, 70) 1417.4824125837786
Vertice(77, 29) 1417.4824125837786
Vertice(29, 9) 1417.4824125837786
Vertice(60, 45) 1417.4824125837786
Vertice(1, 81) 1417.4824125837786
Vertice(6, 47) 1417.4824125837786
Vertice(88, 19) 1417.4824125837786
Vertice(54, 59) 1417.4824125837786
Vertice(50, 66) 1417.4824125837786
====================
Vertice(72, 6) 1494.7313111937635
Vertice(89, 70) 1494.7313111937635
Vertice(77, 29) 1494.7313111937635
Vertice(29, 9) 1494.7313111937635
Vertice(60, 45) 1494.7313111937635
Vertice(1, 81) 1494.7313111937635
Vertice(6, 47) 1494.7313111937635
Vertice(88, 19) 1494.7313111937635
Vertice(54, 59) 1494.7313111937635
Vertice(50, 66) 1494.7313111937635
PAIS:
====================
Vertice(95, 5) 1499.4654449136997
Vertice(51, 43) 1499.4654449136997
Vertice(35, 97) 1499.4654449136997
Vertice(96, 81) 1499.4654449136997
Vertice(19, 47) 1499.4654449136997
Vertice(55, 32) 1499.4654449136997
Vertice(25, 48) 1499.4654449136997
Vertice(98, 40) 1499.4654449136997
Vertice(18, 15) 1499.4654449136997
Vertice(78, 15) 1499.4654449136997
====================
Vertice(58, 45) 1508.6577807103552
Vertice(51, 43) 1508.6577807103552
Vertice(75, 70) 1508.6577807103552
Vertice(54, 18) 1508.6577807103552
Vertice(27, 64) 1508.6577807103552
Vertice(88, 53) 1508.6577807103552
Vertice(25, 48) 1508.6577807103552
Vertice(98, 40) 1508.6577807103552
Vertice(18, 15) 1508.6577807103552
Vertice(78, 15) 1508.6577807103552
FILHOS:
====================
Vertice(58, 45) 1489.630391701469
Vertice(51, 43) 1489.630391701469
Vertice(75, 70) 1489.630391701469
Vertice(96, 81) 1489.630391701469
Vertice(19, 47) 1489.630391701469
Vertice(55, 32) 1489.630391701469
Vertice(25, 48) 1489.630391701469
Vertice(98, 40) 1489.630391701469
Vertice(18, 15) 1489.630391701469
Vertice(78, 15) 1489.630391701469
====================
Vertice(95, 5) 1503.2608908652137
Vertice(51, 43) 1503.2608908652137
Vertice(35, 97) 1503.2608908652137
Vertice(54, 18) 1503.2608908652137
Vertice(27, 64) 1503.2608908652137
Vertice(88, 53) 1503.2608908652137
Vertice(25, 48) 1503.2608908652137
Vertice(98, 40) 1503.2608908652137
Vertice(18, 15) 1503.2608908652137
Vertice(78, 15) 1503.2608908652137
PAIS:
====================
Vertice(95, 5) 1499.4654449136997
Vertice(51, 43) 1499.4654449136997
Vertice(35, 97) 1499.4654449136997
Vertice(96, 81) 1499.4654449136997
Vertice(19, 47) 1499.4654449136997
Vertice(55, 32) 1499.4654449136997
Vertice(25, 48) 1499.4654449136997
Vertice(98, 40) 1499.4654449136997
Vertice(18, 15) 1499.4654449136997
Vertice(78, 15) 1499.4654449136997
====================
Vertice(73, 74) 1417.4824125837786
Vertice(89, 70) 1417.4824125837786
Vertice(77, 29) 1417.4824125837786
Vertice(29, 9) 1417.4824125837786
Vertice(60, 45) 1417.4824125837786
Vertice(1, 81) 1417.4824125837786
Vertice(6, 47) 1417.4824125837786
Vertice(88, 19) 1417.4824125837786
Vertice(54, 59) 1417.4824125837786
Vertice(50, 66) 1417.4824125837786
FILHOS:
====================
Vertice(73, 74) 1499.4122844407177
Vertice(89, 70) 1499.4122844407177
Vertice(77, 29) 1499.4122844407177
Vertice(29, 9) 1499.4122844407177
Vertice(60, 45) 1499.4122844407177
Vertice(1, 81) 1499.4122844407177
Vertice(6, 47) 1499.4122844407177
Vertice(98, 40) 1499.4122844407177
Vertice(18, 15) 1499.4122844407177
Vertice(78, 15) 1499.4122844407177
====================
Vertice(95, 5) 1713.1866279153005
Vertice(51, 43) 1713.1866279153005
Vertice(35, 97) 1713.1866279153005
Vertice(96, 81) 1713.1866279153005
Vertice(19, 47) 1713.1866279153005
Vertice(55, 32) 1713.1866279153005
Vertice(25, 48) 1713.1866279153005
Vertice(88, 19) 1713.1866279153005
Vertice(54, 59) 1713.1866279153005
Vertice(50, 66) 1713.1866279153005
PAIS:
====================
Vertice(72, 6) 1494.7313111937635
Vertice(89, 70) 1494.7313111937635
Vertice(77, 29) 1494.7313111937635
Vertice(29, 9) 1494.7313111937635
Vertice(60, 45) 1494.7313111937635
Vertice(1, 81) 1494.7313111937635
Vertice(6, 47) 1494.7313111937635
Vertice(88, 19) 1494.7313111937635
Vertice(54, 59) 1494.7313111937635
Vertice(50, 66) 1494.7313111937635
====================
Vertice(72, 6) 1494.7313111937635
Vertice(89, 70) 1494.7313111937635
Vertice(77, 29) 1494.7313111937635
Vertice(29, 9) 1494.7313111937635
Vertice(60, 45) 1494.7313111937635
Vertice(1, 81) 1494.7313111937635
Vertice(6, 47) 1494.7313111937635
Vertice(88, 19) 1494.7313111937635
Vertice(54, 59) 1494.7313111937635
Vertice(50, 66) 1494.7313111937635
Individuos iguais
