0 22790.64116173092
100 21173.665644558198
200 21058.792998488338
400 20718.307818655838
500 20464.30924544078
600 20464.30924544078
700 20464.30924544078
800 20102.587756612247
900 19266.0892294658
1000 19266.0892294658
1100 19266.0892294658
1200 19266.0892294658
1300 19266.0892294658
1400 19266.0892294658
1500 19266.0892294658
1600 19266.0892294658
1700 19266.0892294658
1800 19266.0892294658
1900 19266.0892294658
2000 19266.0892294658
2100 19266.0892294658
2200 19258.805295659637
2300 19258.805295659637
2400 19258.805295659637
2500 19258.805295659637
2600 19258.805295659637
2700 19258.805295659637
2800 19258.805295659637
2900 19258.805295659637
3000 19258.805295659637
3100 19258.805295659637
3200 19258.805295659637
3300 19256.82302197964
3400 19256.82302197964
3500 19256.82302197964
3600 19256.82302197964
3700 19256.82302197964
3800 19256.82302197964
3900 19256.82302197964
4000 19142.650765099414
4100 18822.999336172816
4200 18822.999336172816
4300 18822.999336172816
4400 18822.999336172816
4500 18822.999336172816
4600 18822.999336172816
4700 18822.999336172816
4800 18822.999336172816
4900 18822.999336172816
5000 18822.999336172816
5100 18822.999336172816
5200 18822.999336172816
5300 18822.999336172816
5400 18822.999336172816
5500 18822.999336172816
5600 18822.999336172816
5700 18822.999336172816
5800 18822.999336172816
5900 18822.999336172816
6000 18822.999336172816
